10 1 0.19066467037037038 0.9897227645833334 0.15877473518518517 0.878414565625 0.1457584212962963 0.8677539291666666 0.15490235925925924 1 0.19066467037037038
13 0.6812244604166667 0.11850018796296297 0.6584611145833333 0.14065758703703704 0.7552635864583334 0.1551853759259259 0.7592702135416667 0.12717047685185184 0.6812244604166667 0.11850018796296297
12 0.5649941937499999 0.1171225712962963 0.56523983125 0.13487739351851852 0.6199159802083333 0.14120272407407408 0.6184514218749999 0.11972582222222222 0.5649941937499999 0.1171225712962963
2 0.49847218958333334 0.13948453425925925 0.49762349166666664 0.1678861583333333 0.51885989375 0.1711402138888889 0.62138060625 0.18871222499999998 0.6228451645833334 0.1457584212962963 0.49847218958333334 0.13948453425925925
12 0.4924974364583333 0.1236307138888889 0.4932297489583333 0.1346945824074074 0.5562067083333333 0.1346945824074074 0.5525452781250001 0.12102746296296298 0.4924974364583333 0.1236307138888889
7 0.6801148593749999 0.2702216712962963 0.6868852552083333 0.22749990740740741 0.65032489375 0.2262964675925926 0.6422003697916666 0.26781481944444446 0.6801148593749999 0.2702216712962963
13 0.4316059875 0.29391721944444443 0.3889046385416667 0.2620416398148148 0.329286321875 0.30539308703703705 0.26098232708333335 0.4084606768518519 0.25732083020833335 0.4663832398148148 0.3312822135416667 0.5028289018518518 0.35032174375 0.4696373259259259 0.35618004479166665 0.4026033398148148 0.4316059875 0.29391721944444443
2 1 0.32307195555555557 0.9978319958333334 0.21613838518518516 0.9490534 0.18723742037037036 0.9436334895833334 0.29417099074074077 1 0.32307195555555557
2 0.731956425 0.15291739814814814 0.7173106375 0.20758587592592592 0.9223519947916666 0.2850328962962963 0.9399269666666666 0.17829919166666666 0.731956425 0.15291739814814814
10 0.4568687895833333 0.2112489462962963 0.451742734375 0.17154922777777779 0.43624747708333333 0.1445110564814815 0.36253763125000005 0.1763021175925926 0.29869404479166667 0.2574568361111111 0.30821384375 0.2899976064814815 0.35386591458333333 0.2813089638888889 0.45033910416666667 0.2687852277777778 0.4568687895833333 0.2112489462962963
15 0.2924707729166667 0.22427998148148148 0.256588584375 0.21061286203703705 0.0910909125 0.3062826981481482 0.08596485625 0.4878601425925926 0.14119120104166666 0.5428003731481482 0.20606054062499998 0.4689864907407407 0.29979370000000005 0.3407759148148148 0.2924707729166667 0.22427998148148148
6 0.694609609375 0.2043317898148148 0.714381453125 0.2017285388888889 0.720239821875 0.17569594074074074 0.715846078125 0.15096495277777777 0.6836252520833334 0.1490125074074074 0.6784992635416667 0.1698386037037037 0.6506721802083334 0.1620288212962963 0.6323649635416667 0.15031414722222222 0.6294357791666666 0.18480733333333332 0.694609609375 0.2043317898148148
5 0.45872156354166665 0.16191292685185185 0.46413789270833333 0.19681241574074074 0.47632467916666665 0.2046347185185185 0.48106400624999995 0.18297296944444444 0.47361648437500004 0.15108205185185183 0.4688772197916667 0.14085289722222222 0.4534484635416666 0.1465965712962963 0.45872156354166665 0.16191292685185185