15 0.35812492916666666 0.43946099074074074 0.41365988333333337 0.31607063055555557 0.36159581458333334 0.19730740925925927 0.3095317447916666 0.22507023425925926 0.22102282708333335 0.373138637962963 0.19325526979166666 0.5088680546296296 0.31126726666666665 0.593698887037037 0.35812492916666666 0.43946099074074074
6 0.23958333333333334 0.36689814814814814 0.23307291666666666 0.35185185185185186 0.21484375 0.24189814814814814 0.140625 0.25 0.10127546770833334 0.3206977685185185 0.16232633541666666 0.5077160462962963 0.23958333333333334 0.36689814814814814
15 0.43622103333333334 0.28213831203703704 0.45704666145833334 0.2142736037037037 0.4501047322916667 0.1649174462962963 0.4071180020833333 0.13734567592592592 0.3858923270833333 0.2389516472222222 0.43622103333333334 0.28213831203703704
8 0.6106770833333334 0.17592592592592593 0.6122213135416666 0.143426375 0.572075653125 0.13930887129629632 0.56640625 0.16782407407407407 0.6106770833333334 0.17592592592592593
8 0.6411725104166667 0.18014078148148147 0.6462126739583333 0.1803412851851852 0.651208925 0.1485732537037037 0.6141513927083333 0.1410244972222222 0.6153094406249999 0.1767095287037037 0.6411725104166667 0.18014078148148147
8 0.5234375 0.15185185185185185 0.022916666666666665 0.03148148148148148
8 0.5683336208333334 0.16543718796296297 0.5665982572916667 0.14075914444444446 0.5400363291666667 0.1355344925925926 0.53887828125 0.16195514074074074 0.5683336208333334 0.16543718796296297
1 0.9776873552083334 0.3870200509259259 0.9985129833333333 0.277511175 0.911739428125 0.23586693611111112 0.89438484375 0.31298584907407406 0.9776873552083334 0.3870200509259259
8 0.9950419385416667 0.26054497962962964 0.9915710541666667 0.20656168425925928 0.91796875 0.18518518518518517 0.9256232854166666 0.23278215462962965 0.9950419385416667 0.26054497962962964
6 0.29791666666666666 0.26296296296296295 0.30416666666666664 0.25833333333333336 0.32708333333333334 0.2611111111111111 0.334375 0.2518518518518518 0.3375 0.19166666666666668 0.303125 0.19166666666666668 0.2833333333333333 0.19907407407407407 0.2875 0.2601851851851852 0.29791666666666666 0.26296296296296295
11 0.7396065802083334 0.15818076203703704 0.7508010427083334 0.14136762314814813 0.6739838666666667 0.13381886666666665 0.6550690854166666 0.14548512685185186 0.6539110375 0.21582581296296297 0.6550690854166666 0.21308081018518518 0.7349743885416667 0.24361896203703703 0.7396065802083334 0.15818076203703704
11 0.739163434375 0.24327583611111112 0.8719529239583333 0.3074402675925926 0.8808312916666666 0.24258958611111112 0.9213629677083334 0.2292076990740741 0.9136426479166667 0.1842582851851852 0.7670137135416667 0.14308324907407408 0.7380625166666667 0.15852388796296296 0.739163434375 0.24327583611111112
10 0.8989583333333333 0.16574074074074074 0.91875 0.18055555555555555 0.9229166666666667 0.18796296296296297 0.9333333333333333 0.18888888888888888 0.9427083333333334 0.19722222222222222 0.9989583333333333 0.21203703703703702 0.9989583333333333 0.17685185185185184 0.9854166666666667 0.1648148148148148 0.9197916666666667 0.14629629629629629 0.8833333333333333 0.15462962962962962 0.8822916666666667 0.15833333333333333 0.8989583333333333 0.16574074074074074
12 0.5901041666666667 0.12731481481481483 0.046875 0.016666666666666666
12 0.5 0.12731481481481483 0.057291666666666664 0.012037037037037037
15 0.45813925729166666 0.15708741574074073 0.46194469791666665 0.17864802962962964 0.46670153125 0.20993206574074075 0.4743124572916667 0.20485897962962965 0.47954494374999995 0.18287559537037038 0.471458365625 0.16131498055555557 0.46955562291666664 0.14482745185185184 0.44910128541666666 0.14355917962962964 0.45813925729166666 0.15708741574074073