13 0.9973958333333334 0.2662037037037037 0.8932291666666666 0.22800925925925927 0.8541666666666666 0.23148148148148148 0.8619791666666666 0.27662037037037035 0.9986979166666666 0.3587962962962963 0.9973958333333334 0.2662037037037037
13 0.8502604166666666 0.2199074074074074 0.9036458333333334 0.23032407407407407 0.80078125 0.1875 0.75390625 0.1886574074074074 0.7552083333333334 0.23032407407407407 0.8567708333333334 0.2824074074074074 0.8502604166666666 0.2199074074074074
13 0.75 0.18981481481481483 0.78515625 0.1840277777777778 0.6861979166666666 0.16550925925925927 0.6861979166666666 0.20023148148148148 0.7552083333333334 0.23148148148148148 0.75 0.18981481481481483
13 0.6809895833333334 0.1736111111111111 0.7083333333333334 0.16203703703703703 0.6432291666666666 0.16319444444444445 0.6315104166666666 0.18171296296296297 0.69140625 0.20717592592592593 0.6809895833333334 0.1736111111111111
11 0.6432291666666666 0.16087962962962962 0.6640625 0.16319444444444445 0.66015625 0.13310185185185186 0.6184895833333334 0.1284722222222222 0.5963541666666666 0.1284722222222222 0.59375 0.1423611111111111 0.59375 0.18518518518518517 0.6393229166666666 0.19675925925925927 0.6432291666666666 0.16087962962962962
11 0.5609294458333333 0.16827749166666667 0.5950520833333334 0.17708333333333334 0.5924479166666666 0.1284722222222222 0.55859375 0.13194444444444445 0.5609294458333333 0.16827749166666667
6 0.121875 0.40370370370370373 0.13854166666666667 0.42407407407407405 0.15729166666666666 0.42685185185185187 0.165625 0.4351851851851852 0.17708333333333334 0.45185185185185184 0.17604166666666668 0.4648148148148148 0.18541666666666667 0.48055555555555557 0.18333333333333332 0.4861111111111111 0.18958333333333333 0.4898148148148148 0.19583333333333333 0.4685185185185185 0.23125 0.45092592592592595 0.23020833333333332 0.4425925925925926 0.234375 0.4351851851851852 0.21875 0.24814814814814815 0.215625 0.24537037037037038 0.19375 0.24814814814814815 0.17083333333333334 0.24351851851851852 0.153125 0.2462962962962963 0.10833333333333334 0.28888888888888886 0.11145833333333334 0.3398148148148148 0.121875 0.40370370370370373
15 0.4192708333333333 0.3159722222222222 0.40625 0.2152777777777778 0.34765625 0.18518518518518517 0.328125 0.20949074074074073 0.203125 0.29282407407407407 0.21484375 0.49074074074074076 0.21614583333333334 0.49421296296296297 0.3502604166666667 0.4895833333333333 0.4192708333333333 0.3159722222222222
6 0.290625 0.26296296296296295 0.3020833333333333 0.26296296296296295 0.30833333333333335 0.25925925925925924 0.31354166666666666 0.26296296296296295 0.32708333333333334 0.262037037037037 0.33958333333333335 0.21666666666666667 0.33958333333333335 0.18703703703703703 0.32708333333333334 0.18611111111111112 0.315625 0.18981481481481483 0.3020833333333333 0.18425925925925926 0.296875 0.19166666666666668 0.2833333333333333 0.19907407407407407 0.28541666666666665 0.25925925925925924 0.290625 0.26296296296296295
15 0.4557291666666667 0.16435185185185186 0.4114583333333333 0.1597222222222222 0.33203125 0.20601851851851852 0.3489583333333333 0.32523148148148145 0.42578125 0.30787037037037035 0.4583333333333333 0.24768518518518517 0.4557291666666667 0.16435185185185186
10 0.925 0.1712962962962963 0.9375 0.1814814814814815 0.9385416666666667 0.2101851851851852 0.9427083333333334 0.21481481481481482 0.9625 0.2111111111111111 0.9958333333333333 0.21574074074074073 0.9989583333333333 0.17777777777777778 0.9864583333333333 0.16574074074074074 0.946875 0.1537037037037037 0.93125 0.1537037037037037 0.9197916666666667 0.14814814814814814 0.8833333333333333 0.15648148148148147 0.890625 0.16296296296296298 0.925 0.1712962962962963