7 0.8104166666666667 0.6074074074074074 0.81875 0.5416666666666666 0.8135416666666667 0.49537037037037035 0.80625 0.4981481481481482 0.79375 0.5222222222222223 0.796875 0.600925925925926 0.8104166666666667 0.6074074074074074
7 0.6145833333333334 0.7953703703703704 0.61875 0.8009259259259259 0.628125 0.7953703703703704 0.6270833333333333 0.7916666666666666 0.6458333333333334 0.7824074074074074 0.6479166666666667 0.7675925925925926 0.65 0.7037037037037037 0.6458333333333334 0.7018518518518518 0.65 0.6907407407407408 0.65 0.6268518518518519 0.6416666666666667 0.6148148148148148 0.634375 0.6157407407407407 0.63125 0.6203703703703703 0.63125 0.6296296296296297 0.6208333333333333 0.65 0.615625 0.6722222222222223 0.61875 0.7472222222222222 0.6145833333333334 0.7953703703703704
7 0.65 0.6222222222222222 0.6552083333333333 0.6981481481481482 0.6572916666666667 0.7203703703703703 0.6614583333333334 0.7222222222222222 0.6739583333333333 0.700925925925926 0.6739583333333333 0.6759259259259259 0.6822916666666666 0.6518518518518519 0.6791666666666667 0.5972222222222222 0.6666666666666666 0.5731481481481482 0.659375 0.575 0.6510416666666666 0.6055555555555555 0.6541666666666667 0.6129629629629629 0.65 0.6222222222222222
7 0.5125 0.7046296296296296 0.5125 0.737037037037037 0.51875 0.7555555555555555 0.5229166666666667 0.8138888888888889 0.5291666666666667 0.8342592592592593 0.5395833333333333 0.8296296296296296 0.5479166666666667 0.8111111111111111 0.5458333333333333 0.7648148148148148 0.5489583333333333 0.7333333333333333 0.5333333333333333 0.6777777777777778 0.5302083333333333 0.6731481481481482 0.5229166666666667 0.6768518518518518 0.5208333333333334 0.6925925925925925 0.5125 0.7046296296296296
6 0.3489583333333333 0.3148148148148148 0.3333333333333333 0.19212962962962962 0.2734375 0.19328703703703703 0.23697916666666666 0.24537037037037038 0.23697916666666666 0.3275462962962963 0.057291666666666664 0.5023148148148148 0.09244791666666667 0.5694444444444444 0.15494791666666666 0.5567129629629629 0.3489583333333333 0.3148148148148148
6 0.3619791666666667 0.3923611111111111 0.3880208333333333 0.36921296296296297 0.43359375 0.2962962962962963 0.4322916666666667 0.21296296296296297 0.4192708333333333 0.19560185185185186 0.37890625 0.19675925925925927 0.3619791666666667 0.22453703703703703 0.36328125 0.28125 0.2734375 0.41782407407407407 0.3046875 0.4837962962962963 0.3606770833333333 0.47453703703703703 0.3619791666666667 0.3923611111111111
10 0.896875 0.16666666666666666 0.903125 0.17222222222222222 0.915625 0.2064814814814815 0.9291666666666667 0.20833333333333334 0.95625 0.22407407407407406 0.9989583333333333 0.23425925925925925 0.9989583333333333 0.18703703703703703 0.9885416666666667 0.1685185185185185 0.959375 0.1574074074074074 0.9354166666666667 0.15462962962962962 0.9229166666666667 0.14629629629629629 0.9166666666666666 0.15092592592592594 0.8916666666666667 0.15462962962962962 0.8916666666666667 0.1675925925925926 0.896875 0.16666666666666666
13 0.7864583333333334 0.17314814814814813 0.796875 0.1712962962962963 0.8 0.17685185185185184 0.809375 0.18055555555555555 0.8270833333333333 0.1787037037037037 0.8520833333333333 0.18981481481481483 0.8572916666666667 0.18888888888888888 0.8666666666666667 0.17222222222222222 0.8572916666666667 0.1648148148148148 0.80625 0.15555555555555556 0.7864583333333334 0.1574074074074074 0.7833333333333333 0.1648148148148148 0.7822916666666667 0.16944444444444445 0.7864583333333334 0.17314814814814813
13 0.8927083333333333 0.2 0.921875 0.21203703703703702 0.93125 0.21388888888888888 0.9385416666666667 0.2111111111111111 0.9375 0.19166666666666668 0.928125 0.18518518518518517 0.878125 0.175 0.8677083333333333 0.17592592592592593 0.8625 0.1824074074074074 0.8614583333333333 0.1925925925925926 0.8927083333333333 0.2
6 0.680575225 0.1291608537037037 0.6715372541666667 0.15368076203703704 0.7454314479166667 0.16136871388888888 0.74812203125 0.1342339388888889 0.680575225 0.1291608537037037
12 0.5255028854166667 0.1456483824074074 0.5207460947916667 0.12028295370370369 0.489895734375 0.1271069425925926 0.493156528125 0.148184925 0.5255028854166667 0.1456483824074074
12 0.5797306260416666 0.1452256314814815 0.57640088125 0.12155122499999998 0.5505676218750001 0.12139664722222224 0.547859965625 0.1469166537037037 0.5797306260416666 0.1452256314814815