12 0.5700852989583333 0.13406958425925927 0.57122546875 0.1262512712962963 0.5647102083333333 0.1266856222222222 0.5484220572916667 0.12610648796296298 0.54809629375 0.1350830685185185 0.5700852989583333 0.13406958425925927
13 0.7421451489583333 0.15035931851851853 0.752000134375 0.1329843564814815 0.6816966385416666 0.12778284444444443 0.6745850489583333 0.14448943518518517 0.7421451489583333 0.15035931851851853
10 0.9433015333333333 0.2086066212962963 0.9947134072916667 0.2366685 0.9909091375 0.17017540185185184 0.893266115625 0.15665138518518518 0.9407616802083333 0.1760964990740741 0.9433015333333333 0.2086066212962963
13 0.8655820208333334 0.19190003055555557 0.868121875 0.17158120370370372 0.7995458343749999 0.1521654361111111 0.798021921875 0.1589383787037037 0.7944661270833334 0.17474191018518517 0.8655820208333334 0.19190003055555557
7 0.615625 0.7537037037037037 0.6145833333333334 0.7981481481481482 0.61875 0.8018518518518518 0.6260416666666667 0.7944444444444444 0.6385416666666667 0.7074074074074074 0.634375 0.6648148148148149 0.6395833333333333 0.6351851851851852 0.6322916666666667 0.625 0.6229166666666667 0.6305555555555555 0.6114583333333333 0.6731481481481482 0.6104166666666667 0.7277777777777777 0.615625 0.7537037037037037
7 0.6625 0.7351851851851852 0.6677083333333333 0.7314814814814815 0.6708333333333333 0.6712962962962963 0.6822916666666666 0.6351851851851852 0.6677083333333333 0.5796296296296296 0.659375 0.5824074074074074 0.6489583333333333 0.6222222222222222 0.653125 0.7305555555555555 0.6625 0.7351851851851852
7 0.5385416666666667 0.8324074074074074 0.5364583333333334 0.8759259259259259 0.5447916666666667 0.9027777777777778 0.55 0.8944444444444445 0.5625 0.8916666666666667 0.5666666666666667 0.8277777777777777 0.5708333333333333 0.8185185185185185 0.56875 0.7861111111111111 0.5625 0.7675925925925926 0.565625 0.7425925925925926 0.5604166666666667 0.7342592592592593 0.5510416666666667 0.7361111111111112 0.5458333333333333 0.7537037037037037 0.5354166666666667 0.762962962962963 0.5333333333333333 0.774074074074074 0.5322916666666667 0.7916666666666666 0.5385416666666667 0.8324074074074074
7 0.5822916666666667 0.9953703703703703 0.584375 0.9990740740740741 0.61875 0.9990740740740741 0.61875 0.9527777777777777 0.6239583333333333 0.924074074074074 0.621875 0.8953703703703704 0.6114583333333333 0.8731481481481481 0.6166666666666667 0.8518518518518519 0.6145833333333334 0.8379629629629629 0.6104166666666667 0.8361111111111111 0.6010416666666667 0.8407407407407408 0.59375 0.8629629629629629 0.5833333333333334 0.8703703703703703 0.5875 0.9462962962962963 0.5822916666666667 0.9953703703703703
6 0.36770833333333336 0.275 0.3729166666666667 0.27685185185185185 0.38333333333333336 0.2722222222222222 0.4197916666666667 0.2675925925925926 0.4239583333333333 0.2537037037037037 0.415625 0.20092592592592592 0.3958333333333333 0.2 0.37604166666666666 0.20462962962962963 0.36875 0.20925925925925926 0.365625 0.21851851851851853 0.3625 0.23981481481481481 0.36770833333333336 0.275
6 0.23541666666666666 0.3194444444444444 0.246875 0.32222222222222224 0.25104166666666666 0.3175925925925926 0.28854166666666664 0.3138888888888889 0.29583333333333334 0.32222222222222224 0.2947916666666667 0.25555555555555554 0.28958333333333336 0.24537037037037038 0.290625 0.2324074074074074 0.28229166666666666 0.22407407407407406 0.2791666666666667 0.21203703703703702 0.2677083333333333 0.21388888888888888 0.2635416666666667 0.22962962962962963 0.23854166666666668 0.2388888888888889 0.23125 0.24537037037037038 0.22916666666666666 0.25555555555555554 0.23020833333333332 0.3 0.23541666666666666 0.3194444444444444
6 0.290625 0.23703703703703705 0.29583333333333334 0.2740740740740741 0.3020833333333333 0.28055555555555556 0.3104166666666667 0.27685185185185185 0.31354166666666666 0.29444444444444445 0.31875 0.2972222222222222 0.31979166666666664 0.31574074074074077 0.3260416666666667 0.3212962962962963 0.33125 0.3111111111111111 0.32708333333333334 0.1962962962962963 0.325 0.1925925925925926 0.30416666666666664 0.19166666666666668 0.2947916666666667 0.19907407407407407 0.2833333333333333 0.20092592592592592 0.2791666666666667 0.20925925925925926 0.290625 0.23703703703703705
7 0.9568617270833334 0.7402249342592593 0.963803496875 0.7124621083333333 0.934300578125 0.6785297194444444 0.9082685427083333 0.7479367833333332 0.9568617270833334 0.7402249342592593