15 0.3702752791666667 0.35672318796296293 0.343216146875 0.25073159351851854 0.25903217916666665 0.23113652499999998 0.22395555625 0.3148609537037037 0.24700589791666666 0.40927360925925926 0.23898840729166665 0.48052846666666665 0.30212638333333336 0.5491112685185185 0.35724686875 0.5045769768518519 0.3702752791666667 0.35672318796296293
15 0.4263979854166667 0.2943751722222222 0.452454896875 0.18660223333333334 0.4163760541666666 0.16878850925925928 0.34421836770833336 0.19639978796296298 0.34421836770833336 0.2721080472222222 0.37829286145833335 0.3184236824074074 0.423391415625 0.30417272685185187 0.4263979854166667 0.2943751722222222
15 0.47951403020833333 0.2373713101851852 0.48452495 0.1794767351851852 0.42138697395833336 0.15275616851851853 0.4163760541666666 0.23202719722222223 0.47951403020833333 0.2373713101851852
12 0.5181133104166666 0.14185806388888889 0.51938241875 0.1317052 0.49146204479166666 0.13114115277777777 0.4911447677083334 0.14129401574074074 0.5181133104166666 0.14185806388888889
13 0.737076853125 0.16255372314814814 0.7390812947916667 0.13583315648148148 0.6862529104166666 0.13144687314814815 0.6729367479166667 0.15542822592592592 0.737076853125 0.16255372314814814
10 0.9595630541666667 0.2133228 0.9946397677083334 0.2106507435185185 0.9946397677083334 0.1794767351851852 0.9313790531249999 0.1501613435185185 0.9094536718749999 0.16700714444444445 0.9595630541666667 0.2133228
10 0.67594331875 0.1491934398148148 0.67594331875 0.12336354537037038 0.608842828125 0.12084906203703703 0.6041983958333332 0.14524405833333334 0.67594331875 0.1491934398148148
11 0.8443112541666667 0.14830274814814814 0.9136864625 0.15612798055555557 0.9069309249999999 0.13135767592592593 0.8727292395833334 0.1260998814814815 0.8457088656249999 0.12647867685185185 0.8443112541666667 0.14830274814814814
3 0.83726444375 0.14299221296296297 0.841908875 0.12159967685185186 0.7735090572916667 0.11446883148148149 0.7709757302083333 0.13135767592592593 0.83726444375 0.14299221296296297
3 0.643873175 0.12158218148148148 0.6489538322916667 0.11146637037037037 0.608842828125 0.11259229351851852 0.6118031218750001 0.12158218148148148 0.643873175 0.12158218148148148
3 0.6919782989583333 0.12514493055555553 0.698775921875 0.10996513981481482 0.6540204854166666 0.1088392175925926 0.6508885354166666 0.12514493055555553 0.6919782989583333 0.12514493055555553
3 0.7554318322916667 0.1322704074074074 0.7664558927083333 0.11356601111111111 0.708909228125 0.11034044814814814 0.7076425656249999 0.12948113796296296 0.7554318322916667 0.1322704074074074
6 0.9127604166666666 0.1701388888888889 0.8723958333333334 0.16782407407407407 0.8736979166666666 0.2465277777777778 0.9153645833333334 0.24537037037037038 0.9127604166666666 0.1701388888888889
6 0.2520833333333333 0.31296296296296294 0.2677083333333333 0.31203703703703706 0.28229166666666666 0.30648148148148147 0.28229166666666666 0.2861111111111111 0.27291666666666664 0.2722222222222222 0.2677083333333333 0.2722222222222222 0.265625 0.2777777777777778 0.25104166666666666 0.28425925925925927 0.24895833333333334 0.30648148148148147 0.2520833333333333 0.31296296296296294
6 0.23229166666666667 0.3212962962962963 0.23958333333333334 0.32037037037037036 0.24166666666666667 0.31666666666666665 0.23958333333333334 0.3037037037037037 0.25416666666666665 0.26481481481481484 0.26145833333333335 0.2601851851851852 0.26666666666666666 0.262037037037037 0.28854166666666664 0.24814814814814815 0.2875 0.2324074074074074 0.2833333333333333 0.22777777777777777 0.259375 0.2324074074074074 0.228125 0.24814814814814815 0.22708333333333333 0.28888888888888886 0.23229166666666667 0.3212962962962963