6 0.04352493645833333 0.41515127777777777 0.05093848125 0.5710840203703704 0.14401970520833332 0.5754764916666666 0.25275169583333335 0.4371136361111111 0.3253602291666667 0.3235390675925926 0.31018460000000003 0.30234504074074076 0.22455113125 0.3341361027777778 0.18444425208333334 0.3890479361111111 0.1843822875 0.2738600851851852 0.162141653125 0.25848643518518516 0.10695198125 0.2628789064814815 0.03858257291666667 0.31558856574074073 0.04352493645833333 0.41515127777777777
9 0.40251817395833334 0.2408759638888889 0.39958774583333334 0.17316191481481483 0.364911 0.17771959074074076 0.33511831770833334 0.18835416574074074 0.38444718333333333 0.2571533796296296 0.40251817395833334 0.2408759638888889
9 0.4251354770833334 0.21329639537037037 0.42098404375 0.16207679074074074 0.40486262083333335 0.16327309444444446 0.37127841666666667 0.17359176944444443 0.40302473333333333 0.17207254166666666 0.40668776875 0.23761627314814818 0.4251354770833334 0.21329639537037037
0 0.42635650416666665 0.1950656898148148 0.4397876197916667 0.19224426481481482 0.4449158697916667 0.1803074962962963 0.443694865625 0.1403735675925926 0.4322173604166667 0.13993950462962965 0.41683258854166666 0.14992298333333334 0.4244028697916667 0.1612086648148148 0.42635650416666665 0.1950656898148148
12 0.5298224208333333 0.15392177685185185 0.5273803895833333 0.12071584907407408 0.48938701145833335 0.12341945185185184 0.4913406229166667 0.1496803462962963 0.5298224208333333 0.15392177685185185
7 0.6249681239583332 0.21360914537037037 0.6322941947916667 0.21426024166666666 0.6340035968750001 0.1730241148148148 0.6027456999999999 0.17584553981481482 0.6037472625 0.21487040185185186 0.6249681239583332 0.21360914537037037
13 0.67331856875 0.15424048703703702 0.6772257916666666 0.12320487777777779 0.6205708541666667 0.12081753055555555 0.6139991760416666 0.15125150925925926 0.67331856875 0.15424048703703702
13 0.7092163177083334 0.1611855212962963 0.715077175 0.12624333240740743 0.6764159479166667 0.12499704537037039 0.673164040625 0.1596782037037037 0.7092163177083334 0.1611855212962963
12 0.8592051145833334 0.1909406685185185 0.8670195614583334 0.14210842129629628 0.7581669604166666 0.12716736388888888 0.7576169104166667 0.17184183703703704 0.8592051145833334 0.1909406685185185
10 0.9988080354166667 0.2292841138888889 0.9976006385416666 0.1668518462962963 0.8721732916666666 0.14265643888888888 0.8622279656249999 0.1926762101851852 0.9988080354166667 0.2292841138888889
7 0.645298103125 0.2606933444444444 0.6601251927083334 0.243855525 0.6555114354166667 0.20852414537037037 0.638708234375 0.2306781101851852 0.645298103125 0.2606933444444444
12 0.4786458333333333 0.1361111111111111 0.017708333333333333 0.025925925925925925
13 0.7531727458333334 0.16726242037037037 0.7548821479166666 0.14360591203703701 0.7158097822916666 0.1394822935185185 0.7155655947916666 0.1607514537037037 0.7531727458333334 0.16726242037037037