7 0.634375 0.6574074074074074 0.6385416666666667 0.6518518518518519 0.6375 0.6296296296296297 0.64375 0.6231481481481481 0.65 0.5833333333333334 0.6489583333333333 0.5666666666666667 0.6395833333333333 0.55 0.6427083333333333 0.5444444444444444 0.6385416666666667 0.5342592592592592 0.6322916666666667 0.5509259259259259 0.625 0.5564814814814815 0.6229166666666667 0.5675925925925925 0.621875 0.6537037037037037 0.634375 0.6574074074074074
7 0.6604166666666667 0.6611111111111111 0.6614583333333334 0.6657407407407407 0.6666666666666666 0.6657407407407407 0.671875 0.6564814814814814 0.68125 0.6555555555555556 0.6833333333333333 0.649074074074074 0.6875 0.575925925925926 0.68125 0.5481481481481482 0.68125 0.525 0.671875 0.525 0.6572916666666667 0.562962962962963 0.6625 0.6296296296296297 0.6604166666666667 0.6611111111111111
7 0.6541666666666667 0.5805555555555556 0.65625 0.5657407407407408 0.6708333333333333 0.5324074074074074 0.6572916666666667 0.4861111111111111 0.6541666666666667 0.4861111111111111 0.6427083333333333 0.5185185185185185 0.640625 0.5518518518518518 0.6541666666666667 0.5805555555555556
7 0.759375 0.44907407407407407 0.7729166666666667 0.4 0.7708333333333334 0.38981481481481484 0.7625 0.3787037037037037 0.7583333333333333 0.37962962962962965 0.7552083333333334 0.3972222222222222 0.7541666666666667 0.44351851851851853 0.759375 0.44907407407407407
6 0.23645833333333333 0.32314814814814813 0.25625 0.3148148148148148 0.2760416666666667 0.3148148148148148 0.290625 0.3101851851851852 0.29583333333333334 0.2740740740740741 0.2875 0.22592592592592592 0.28229166666666666 0.2222222222222222 0.26666666666666666 0.23055555555555557 0.259375 0.23055555555555557 0.23645833333333333 0.24074074074074073 0.23020833333333332 0.24814814814814815 0.23125 0.31296296296296294 0.23645833333333333 0.32314814814814813
6 0.29583333333333334 0.2759259259259259 0.3104166666666667 0.275 0.31979166666666664 0.28425925925925927 0.32083333333333336 0.31203703703703706 0.3260416666666667 0.3175925925925926 0.3302083333333333 0.31296296296296294 0.3260416666666667 0.287962962962963 0.32916666666666666 0.2796296296296296 0.3260416666666667 0.19444444444444445 0.303125 0.19166666666666668 0.2833333333333333 0.2 0.278125 0.20555555555555555 0.29583333333333334 0.2759259259259259
6 0.36875 0.2777777777777778 0.421875 0.26481481481481484 0.421875 0.22037037037037038 0.41770833333333335 0.21666666666666667 0.41458333333333336 0.2 0.3927083333333333 0.2 0.37604166666666666 0.20462962962962963 0.36875 0.2101851851851852 0.3645833333333333 0.22777777777777777 0.3645833333333333 0.275 0.36875 0.2777777777777778
10 0.9177083333333333 0.1962962962962963 0.9166666666666666 0.2064814814814815 0.9260416666666667 0.2064814814814815 0.9552083333333333 0.2222222222222222 0.9989583333333333 0.23055555555555557 0.9989583333333333 0.17777777777777778 0.990625 0.1685185185185185 0.9489583333333333 0.1537037037037037 0.9416666666666667 0.15555555555555556 0.9239583333333333 0.14537037037037037 0.9125 0.15185185185185185 0.9 0.14907407407407408 0.8895833333333333 0.1574074074074074 0.8875 0.17314814814814813 0.9177083333333333 0.1962962962962963
13 0.809375 0.18055555555555555 0.8416666666666667 0.18333333333333332 0.8520833333333333 0.19074074074074074 0.8583333333333333 0.18981481481481483 0.865625 0.1787037037037037 0.8645833333333334 0.1675925925925926 0.81875 0.1574074074074074 0.8020833333333334 0.15648148148148147 0.784375 0.1638888888888889 0.7864583333333334 0.17407407407407408 0.809375 0.18055555555555555
12 0.49098142083333335 0.1398853212962963 0.51747755625 0.1395284712962963 0.5194848385416667 0.12917981203703705 0.4945945302083333 0.12953666296296296 0.49098142083333335 0.1398853212962963
12 0.5732800229166667 0.1273955611111111 0.5479882572916667 0.12489760833333334 0.5487911708333333 0.1345325666666667 0.5748858499999999 0.13595996851851852 0.5732800229166667 0.1273955611111111
6 0.6666666666666666 0.1537037037037037 0.6729166666666667 0.14629629629629629 0.671875 0.125 0.6666666666666666 0.12129629629629629 0.6479166666666667 0.12222222222222222 0.6458333333333334 0.15 0.6666666666666666 0.1537037037037037