12 0.5739010916666667 0.14074492685185186 0.5744956031249999 0.1414495324074074 0.5740992625000001 0.12471515462962962 0.5471481062500001 0.12577206296296298 0.5489316385416667 0.13810265648148148 0.5739010916666667 0.14074492685185186
10 0.940234171875 0.21100320092592592 0.9854405572916666 0.22235552962962962 0.9864829625 0.1695556898148148 0.8864242083333332 0.1371347425925926 0.9319308052083334 0.17409934907407407 0.940234171875 0.21100320092592592
10 0.6471741708333333 0.12069730462962965 0.5966710406250001 0.14639785833333335 0.6676883708333333 0.14848373425925926 0.6696421041666666 0.12503893425925924 0.6471741708333333 0.12069730462962965
13 0.7389996375 0.16281111203703705 0.7399765041666666 0.15022038611111113 0.7443724041666666 0.1341563564814815 0.6789223375 0.12764391203703704 0.6774570375 0.15369368981481482 0.7389996375 0.16281111203703705
13 0.8634940666666666 0.1853030037037037 0.8635501385416667 0.17106020833333332 0.8015191052083334 0.15803531944444443 0.8049381385416667 0.17062604537037038 0.8634940666666666 0.1853030037037037
7 0.615625 0.7416666666666667 0.6135416666666667 0.7907407407407407 0.6145833333333334 0.799074074074074 0.61875 0.799074074074074 0.6260416666666667 0.7944444444444444 0.6385416666666667 0.7064814814814815 0.634375 0.6648148148148149 0.6395833333333333 0.6305555555555555 0.6354166666666666 0.6259259259259259 0.6291666666666667 0.625 0.621875 0.6342592592592593 0.6145833333333334 0.6537037037037037 0.6104166666666667 0.687962962962963 0.6083333333333333 0.7287037037037037 0.615625 0.7416666666666667
7 0.6510416666666666 0.6768518518518518 0.6541666666666667 0.7314814814814815 0.6614583333333334 0.737037037037037 0.6729166666666667 0.7324074074074074 0.68125 0.6398148148148148 0.6697916666666667 0.5972222222222222 0.6604166666666667 0.6027777777777777 0.646875 0.6416666666666667 0.6458333333333334 0.6620370370370371 0.6510416666666666 0.6768518518518518
7 0.5364583333333334 0.8740740740740741 0.5447916666666667 0.9046296296296297 0.5489583333333333 0.8916666666666667 0.559375 0.8935185185185185 0.5614583333333333 0.8907407407407407 0.5697916666666667 0.8185185185185185 0.5677083333333334 0.7462962962962963 0.5635416666666667 0.7361111111111112 0.5520833333333334 0.7361111111111112 0.5489583333333333 0.75 0.534375 0.762962962962963 0.5333333333333333 0.7731481481481481 0.5385416666666667 0.8345238092592593 0.5364583333333334 0.8740740740740741
7 0.58125 0.9314814814814815 0.5833333333333334 0.9944444444444445 0.5854166666666667 0.9990740740740741 0.6260416666666667 0.9990740740740741 0.615625 0.9657407407407408 0.621875 0.9111111111111111 0.6166666666666667 0.8814814814814815 0.60625 0.8574074074074074 0.6114583333333333 0.8416666666666667 0.6083333333333333 0.837037037037037 0.6010416666666667 0.8342592592592593 0.5927083333333333 0.837037037037037 0.5864583333333333 0.8601851851851852 0.5802083333333333 0.862037037037037 0.575 0.8694444444444445 0.5739583333333333 0.9018518518518519 0.58125 0.9314814814814815
6 0.36875 0.2796296296296296 0.38229166666666664 0.27314814814814814 0.42083333333333334 0.2675925925925926 0.4239583333333333 0.2601851851851852 0.421875 0.22037037037037038 0.415625 0.2 0.3875 0.2 0.37395833333333334 0.20462962962962963 0.36875 0.20925925925925926 0.36354166666666665 0.22777777777777777 0.3645833333333333 0.2759259259259259 0.36875 0.2796296296296296
6 0.23541666666666666 0.32037037037037036 0.246875 0.32222222222222224 0.25833333333333336 0.3138888888888889 0.28125 0.31296296296296294 0.2916666666666667 0.3037037037037037 0.2947916666666667 0.29444444444444445 0.2875 0.22685185185185186 0.28229166666666666 0.225 0.24375 0.2361111111111111 0.23020833333333332 0.24722222222222223 0.23125 0.30925925925925923 0.23541666666666666 0.32037037037037036
6 0.296875 0.2759259259259259 0.30416666666666664 0.27685185185185185 0.31354166666666666 0.2722222222222222 0.31979166666666664 0.2777777777777778 0.32083333333333336 0.31203703703703706 0.321875 0.3175925925925926 0.3260416666666667 0.31851851851851853 0.3302083333333333 0.3111111111111111 0.33229166666666665 0.24814814814814815 0.32708333333333334 0.1962962962962963 0.325 0.1925925925925926 0.2989583333333333 0.19074074074074074 0.29375 0.19907407407407407 0.28229166666666666 0.20092592592592592 0.2791666666666667 0.2064814814814815 0.296875 0.2759259259259259
7 0.845791659375 0.7972930120370371 0.8509980666666667 0.7633606222222222 0.8162887395833334 0.7433096453703704 0.798933996875 0.7988352972222222 0.845791659375 0.7972930120370371