12 0.520839009375 0.14110296388888888 0.5166121822916667 0.13066635370370372 0.489842278125 0.13066635370370372 0.4931298104166667 0.14026803518518519 0.520839009375 0.14110296388888888
10 0.9374162875 0.20956712407407407 0.9934075750000001 0.2245241388888889 0.9923234739583333 0.17828259444444444 0.887178565625 0.14167469074074074 0.9369466406250001 0.1845192601851852 0.9374162875 0.20956712407407407
13 0.7406340104166667 0.14945225185185185 0.7448608375 0.13233621203703705 0.6781709010416667 0.1277441037037037 0.6812244604166667 0.14347297037037038 0.7406340104166667 0.14945225185185185
13 0.8613334031250001 0.184936725 0.866969171875 0.16740322037037036 0.8030971197916668 0.15947139722222223 0.7965220562499999 0.1770049009259259 0.8613334031250001 0.184936725
7 0.6166666666666667 0.7425925925925926 0.6145833333333334 0.7925925925925926 0.6197916666666666 0.7981481481481482 0.6260416666666667 0.7944444444444444 0.6395833333333333 0.7046296296296296 0.6354166666666666 0.6614197527777778 0.6395833333333333 0.6351851851851852 0.6302083333333334 0.6259259259259259 0.6229166666666667 0.6314814814814815 0.615625 0.6537037037037037 0.6104166666666667 0.6935185185185185 0.6083333333333333 0.7324074074074074 0.6166666666666667 0.7425925925925926
7 0.653125 0.6842592592592592 0.653125 0.7305555555555555 0.6614583333333334 0.7361111111111112 0.6677083333333333 0.7287037037037037 0.6666666666666666 0.6768518518518518 0.6760416666666667 0.6537037037037037 0.6708333333333333 0.612037037037037 0.6729166666666667 0.5935185185185186 0.66875 0.5796296296296296 0.6614583333333334 0.5796296296296296 0.6583333333333333 0.5833333333333334 0.6489583333333333 0.6231481481481481 0.6479166666666667 0.6657407407407407 0.653125 0.6842592592592592
7 0.5604166666666667 0.8935185185185185 0.5697916666666667 0.8222222222222222 0.56875 0.7861111111111111 0.5625 0.7555555555555555 0.5666666666666667 0.7435185185185185 0.5604166666666667 0.7342592592592593 0.5520833333333334 0.7361111111111112 0.5458333333333333 0.7537037037037037 0.5354166666666667 0.7638888888888888 0.5333333333333333 0.774074074074074 0.5395833333333333 0.887962962962963 0.5604166666666667 0.8935185185185185
7 0.5885416666666666 0.9358024694444445 0.5833333333333334 0.9953703703703703 0.5854166666666667 0.9990740740740741 0.6135416666666667 0.9990740740740741 0.61875 0.9898148148148148 0.61875 0.95 0.6239583333333333 0.937037037037037 0.6208333333333333 0.8925925925925926 0.6114583333333333 0.8768518518518519 0.6166666666666667 0.8407407407407408 0.6010416666666667 0.8407407407407408 0.5958333333333333 0.8592592592592593 0.5833333333333334 0.8722222222222222 0.5822916666666667 0.8981481481481481 0.5885416666666666 0.9358024694444445
6 0.3645833333333333 0.275 0.3729166666666667 0.2777777777777778 0.38229166666666664 0.27314814814814814 0.42083333333333334 0.26666666666666666 0.4239583333333333 0.25462962962962965 0.41770833333333335 0.20092592592592592 0.38645833333333335 0.20092592592592592 0.37083333333333335 0.2074074074074074 0.365625 0.21574074074074073 0.3625 0.2351851851851852 0.3645833333333333 0.275
6 0.23541666666666666 0.3194444444444444 0.246875 0.3194444444444444 0.26145833333333335 0.31296296296296294 0.284375 0.31203703703703706 0.2947916666666667 0.2916666666666667 0.29583333333333334 0.275 0.2875 0.22592592592592592 0.28125 0.22407407407407406 0.24166666666666667 0.23703703703703705 0.22916666666666666 0.24722222222222223 0.228125 0.2740740740740741 0.23541666666666666 0.3194444444444444
6 0.303125 0.2777777777777778 0.321875 0.27037037037037037 0.328125 0.2601851851851852 0.3260416666666667 0.1962962962962963 0.30520833333333336 0.19166666666666668 0.278125 0.20462962962962963 0.29583333333333334 0.275 0.303125 0.2777777777777778
7 0.8735592166666667 0.7664453333333333 0.9360361 0.7602759111111111 0.9238877635416666 0.7170892462962962 0.90972216875 0.7021604907407408 0.8752945791666666 0.7109196824074074 0.8735592166666667 0.7664453333333333