13 0.27757808437500003 0.5057785898148148 0.36074285 0.49733152870370373 0.36110467916666666 0.3992558583333333 0.39549984374999997 0.3446034212962963 0.43197953125 0.29828775740740743 0.3694428697916667 0.2732773074074074 0.3527664895833333 0.2797614842592593 0.25270783125 0.4316768268518519 0.27757808437500003 0.5057785898148148
15 0.2921513333333333 0.3097562685185185 0.2810627229166667 0.20979939351851853 0.22957972395833334 0.21895036574074075 0.22324338541666666 0.34636022037037034 0.18600202708333333 0.407592675 0.180472934375 0.291454325 0.12106953020833333 0.26822490833333335 0.09636617604166667 0.2964351175925926 0.092197034375 0.3770243472222222 0.09176382604166666 0.4575798324074074 0.093347965625 0.5307877361111112 0.16938432291666666 0.5307877361111112 0.24958099791666666 0.41129795555555554 0.30794851666666667 0.32792978703703707 0.2921513333333333 0.3097562685185185
10 0.338089990625 0.28441508703703705 0.4275910947916667 0.28652685185185184 0.4611633385416667 0.2510457962962963 0.45689679895833335 0.2069837175925926 0.4363035697916667 0.14222290740740742 0.3715274885416667 0.175088125 0.3527664895833333 0.19454069722222223 0.30957635625 0.2647052888888889 0.338089990625 0.28441508703703705
2 0.9953128635416667 0.29906509814814813 0.9979444083333333 0.20985741481481482 0.85508785 0.17076641388888888 0.8565916145833333 0.25496241574074074 0.9953128635416667 0.29906509814814813
10 0.9986963083333333 0.2068504148148148 0.99689410625 0.15934081111111112 0.8727581927083333 0.139357275 0.8716303770833334 0.1707637148148148 0.9986963083333333 0.2068504148148148
2 0.529239825 0.167925125 0.5284879604166667 0.13718689722222221 0.483751309375 0.13685279074074075 0.48187159375 0.16525223055555555 0.529239825 0.167925125
12 0.5664333541666667 0.13525665925925925 0.5640026583333333 0.12199104444444445 0.49069468125 0.12499804444444443 0.4918224958333333 0.13502137777777778 0.5664333541666667 0.13525665925925925
2 0.5961568614583334 0.18162367037037036 0.595404996875 0.1385233361111111 0.529615775 0.13518223055555556 0.530743590625 0.17193445833333332 0.5961568614583334 0.18162367037037036
12 0.6101133291666667 0.13602425092592593 0.6112411447916667 0.12098925092592594 0.5665044583333334 0.12032103055555554 0.5706024968750001 0.13525665925925925 0.6101133291666667 0.13602425092592593
2 0.849210115625 0.25062437407407406 0.8469544854166667 0.1537321453703704 0.6696188458333334 0.14544611666666668 0.666869146875 0.19616587129629628 0.849210115625 0.25062437407407406
13 0.7477896729166668 0.1491513546296296 0.7450910406250001 0.1306541861111111 0.6744146427083333 0.12397195833333333 0.6725349281249999 0.14568918611111112 0.7477896729166668 0.1491513546296296
7 0.6839290479166666 0.2729201925925926 0.6868047510416667 0.2168791462962963 0.6458274604166667 0.21487447962962963 0.645118871875 0.2743280138888889 0.6839290479166666 0.2729201925925926
5 0.478664665625 0.1878109398148148 0.4745293208333334 0.14805171111111112 0.46889024583333333 0.14270593888888888 0.449341475 0.14738349907407408 0.44783771041666665 0.15707271111111112 0.455356465625 0.1968319398148148 0.46889024583333333 0.1985025 0.47066090729166665 0.20625758333333336 0.478664665625 0.1878109398148148
6 0.6578574760416667 0.1958301462962963 0.6631206354166667 0.18714325185185185 0.6650003156250001 0.14337470555555556 0.67176720625 0.13569014537037036 0.6469552749999999 0.1320149175925926 0.6364289906249999 0.13802891759259261 0.6383087052083333 0.15272981203703703 0.5992110947916667 0.15072514537037035 0.5992110947916667 0.18112925185185186 0.6578574760416667 0.1958301462962963