15 0.23257978645833333 0.26890542685185187 0.24217530729166667 0.3863166361111111 0.23375213645833334 0.5043920148148148 0.30995955000000003 0.5491970194444444 0.36271848020833336 0.46062901759259256 0.3896841197916666 0.3616413175925926 0.4178533354166667 0.30243539722222224 0.418994671875 0.23347825462962965 0.392028925 0.18242139351851852 0.3171095666666667 0.2379265851851852 0.29106306354166667 0.2428124898148148 0.23257978645833333 0.26890542685185187
15 0.43868796770833335 0.2751749074074074 0.464731259375 0.1877356175925926 0.46936121354166666 0.15173121574074072 0.4357942864583333 0.14864512314814815 0.39907844374999996 0.17661748425925924 0.42653443229166665 0.22734047685185185 0.43868796770833335 0.2751749074074074
5 0.48477776250000004 0.14451702962962965 0.4830415427083333 0.12960093240740742 0.46915178750000003 0.12857222685185185 0.47088800729166663 0.14554573425925926 0.48477776250000004 0.14451702962962965
12 0.5310769822916667 0.1548040111111111 0.53339190625 0.1224000425925926 0.4899864208333333 0.12394308888888887 0.4899864208333333 0.1506892138888889 0.5310769822916667 0.1548040111111111
10 0.6673075854166667 0.15381413796296298 0.6700175770833333 0.12086115185185185 0.6263480124999999 0.1194018601851852 0.6156160177083334 0.14966468703703706 0.6673075854166667 0.15381413796296298
13 0.7401970250000001 0.1567158814814815 0.7472873791666667 0.13702239907407407 0.6780975635416666 0.1284816435185185 0.675599309375 0.14719872222222222 0.7401970250000001 0.1567158814814815
13 0.8645294812500001 0.19745699814814816 0.8654666270833334 0.17003990370370373 0.7997982322916666 0.1598882675925926 0.796229296875 0.1754329601851852 0.8645294812500001 0.19745699814814816
10 0.9389866791666667 0.21413607314814817 0.976551515625 0.2314347277777778 0.996446525 0.22872905000000002 1 0.1741260324074074 0.8897923145833333 0.15328651851851852 0.9414849333333334 0.1728950509259259 0.9389866791666667 0.21413607314814817
15 0.2586536520833333 0.22943941574074073 0.2360828 0.2433268314814815 0.22624424062499998 0.26338643055555555 0.23087414166666667 0.3173930462962963 0.08040180937500001 0.4824989833333333 0.064775834375 0.5113025425925926 0.131909634375 0.5401060555555556 0.18110253541666665 0.4948433527777778 0.18399621770833333 0.476841162962963 0.22682294479166665 0.4135762712962963 0.23203160312499999 0.3441391944444444 0.23261036145833333 0.3132782722222222 0.229137921875 0.27110166203703706 0.29121381562500004 0.2426460296296296 0.28816938229166666 0.22481027685185184 0.2586536520833333 0.22943941574074073
6 0.26979166666666665 0.31203703703703706 0.28229166666666666 0.30648148148148147 0.28125 0.2833333333333333 0.2708333333333333 0.2740740740740741 0.25104166666666666 0.2851851851851852 0.2520833333333333 0.3138888888888889 0.26979166666666665 0.31203703703703706
6 0.23958333333333334 0.3194444444444444 0.23854166666666668 0.29814814814814816 0.24270833333333333 0.2833333333333333 0.25833333333333336 0.262037037037037 0.26666666666666666 0.26296296296296295 0.2833333333333333 0.2574074074074074 0.28854166666666664 0.24722222222222223 0.2864583333333333 0.22870370370370371 0.28229166666666666 0.22592592592592592 0.259375 0.2324074074074074 0.228125 0.24814814814814815 0.22916666666666666 0.3175925925925926 0.23958333333333334 0.3194444444444444
6 0.5708333333333333 0.17222222222222222 0.5802083333333333 0.17685185185185184 0.5875 0.17592592592592593 0.5916666666666667 0.1648148148148148 0.5864583333333333 0.13333333333333333 0.5791666666666667 0.13055555555555556 0.5697916666666667 0.13425925925925927 0.5677083333333334 0.15833333333333333 0.5708333333333333 0.17222222222222222
13 0.8994791666666667 0.19490740740740742 0.05625 0.03333333333333333
13 0.7817143249999999 0.17692515370370368 0.79444661875 0.1486359824074074 0.7579860104166667 0.14040641018518518 0.7440962552083333 0.16560948981481483 0.7817143249999999 0.17692515370370368