10 0.7867091802083334 0.18303806574074072 0.778691690625 0.2712159361111111 0.9941625291666667 0.4137256111111111 0.9881493885416667 0.17145912685185186 0.7806960395833333 0.12781554814814816 0.7208412625 0.15417158703703704 0.7867091802083334 0.18303806574074072
13 0.6955099427083333 0.23024437314814816 0.7626566177083334 0.2605277092592593 0.7776894697916668 0.21599341759259258 0.728582215625 0.1946169648148148 0.6854880114583334 0.20797724814814816 0.6955099427083333 0.23024437314814816
7 0.6258281906250001 0.1923996185185185 0.6027778489583333 0.19774373148148147 0.5987690583333334 0.2226829138888889 0.6308392020833333 0.22179224166666667 0.6258281906250001 0.1923996185185185
13 0.643396028125 0.20619586296296297 0.6854880114583334 0.22222820277777777 0.6935055020833333 0.20174246296296294 0.7175580635416666 0.20174246296296294 0.671214496875 0.1795697962962963 0.6403894572916666 0.17947529629629627 0.643396028125 0.20619586296296297
11 0.6484069479166668 0.14741061666666666 0.6043106135416667 0.14028513888888888 0.5952909031250001 0.17145912685185186 0.5982974739583333 0.19016352314814816 0.6393872364583333 0.1972890212962963 0.643396028125 0.17947529629629627 0.6484069479166668 0.14741061666666666
6 0.2887061166666667 0.19730740925925927 0.29911893125 0.24203642962962962 0.31473815208333333 0.3037315740740741 0.3420138354166667 0.29475308333333333 0.3390346645833333 0.1988498351851852 0.2887061166666667 0.19730740925925927
15 0.4535756177083333 0.15257845925925928 0.40845347708333335 0.15720559722222224 0.39109873437500003 0.18188364074074076 0.43315966875 0.2854938240740741 0.46225306770833335 0.22815501666666668 0.4535756177083333 0.15257845925925928
12 0.48593308020833337 0.1545361148148148 0.487937521875 0.11979937777777779 0.47090022916666663 0.11890868518518519 0.4681658364583334 0.14882459537037035 0.48593308020833337 0.1545361148148148
12 0.487937521875 0.12514349074074074 0.487937521875 0.1518640574074074 0.5283495677083333 0.1461510990740741 0.5300295052083334 0.11890868518518519 0.487937521875 0.12514349074074074
13 0.7144324208333334 0.15631747870370372 0.7515135770833333 0.13494102500000002 0.6853689395833332 0.12692485555555555 0.6653251677083334 0.1420665027777778 0.7144324208333334 0.15631747870370372
12 0.5701170479166666 0.14651994444444444 0.5701170479166666 0.1171273212962963 0.5448617458333334 0.11807939444444444 0.54706670625 0.14919200092592594 0.5701170479166666 0.14651994444444444
15 0.3390346645833333 0.5350884537037037 0.35812492916666666 0.4224947953703704 0.3841569635416667 0.36696914444444445 0.4206018125 0.3021892185185185 0.39630514062500005 0.1957650537037037 0.35812492916666666 0.1988498351851852 0.33382825729166665 0.2451212111111111 0.2956480458333333 0.2435787851851852 0.2331711625 0.277511175 0.24531933958333332 0.46259667870370375 0.231435640625 0.5150375481481482 0.30034716875 0.5447530833333334 0.3390346645833333 0.5350884537037037
6 0.2887061166666667 0.22815501666666668 0.23664204791666668 0.2343245101851852 0.22796475625 0.3222401240740741 0.29253466875 0.35030863888888886 0.3164736739583333 0.317612987037037 0.2887061166666667 0.22815501666666668