15 0.316466384375 0.27401446481481484 0.27425924062499996 0.20524404074074074 0.17694836145833334 0.24275518148148148 0.10308585937499999 0.3031898287037037 0.09722368541666666 0.42510103425925927 0.09370642291666667 0.5095011009259258 0.15232752708333336 0.5386764157407408 0.24963840625 0.4261429944444445 0.31549781354166667 0.3211014861111111 0.316466384375 0.27401446481481484
10 0.4510500572916667 0.17228717037037036 0.4266636333333333 0.1311082824074074 0.37423305625 0.149530412037037 0.32559383229166666 0.22769642777777777 0.3149025125 0.2712463074074074 0.36746814270833333 0.2664954101851852 0.43885684583333334 0.29690752314814817 0.4510500572916667 0.17228717037037036
13 0.3282666625 0.3219225694444445 0.26055494166666665 0.4193159638888889 0.270355290625 0.504040275 0.3603406229166667 0.4874121342592593 0.3514311625 0.4137732259259259 0.4182519135416667 0.33538342037037033 0.4155790833333333 0.29104173703703706 0.376377603125 0.27758084907407404 0.3282666625 0.3219225694444445
7 0.6458557291666666 0.27520684074074075 0.6843377770833333 0.2767101703703704 0.6877207999999999 0.21432245 0.6445870906250001 0.2075575185185185 0.6458557291666666 0.27520684074074075
2 0.49884362604166665 0.1377417138888889 0.4959424135416667 0.16519137592592592 0.6105427343750001 0.1866136611111111 0.615194434375 0.1381316472222222 0.49884362604166665 0.1377417138888889
2 0.8903139072916667 0.2612064074074074 0.9000401614583333 0.17251064074074074 0.7039080760416667 0.15328871944444444 0.6991723822916666 0.20332865925925928 0.8903139072916667 0.2612064074074074
2 0.9964853229166667 0.3061311074074074 0.9960624697916667 0.20465712407407408 0.9258644197916667 0.185113975 0.919267971875 0.2795690574074074 0.9964853229166667 0.3061311074074074
10 0.9899883114583333 0.1907093 0.9875498260416666 0.16253427407407406 0.9143906645833333 0.1332755851851852 0.8656179281249999 0.15494867962962963 0.9899883114583333 0.1907093
12 0.560642978125 0.1313667148148148 0.56106583125 0.12046765185185185 0.49213649791666664 0.1219709638888889 0.49974832916666667 0.13324585092592592 0.560642978125 0.1313667148148148
12 0.5661403854166667 0.11896433888888888 0.5669861708333334 0.13174253888888887 0.6168859270833333 0.12760840740740742 0.6160401802083334 0.11858849814814816 0.5661403854166667 0.11896433888888888
13 0.7461120083333334 0.149585025 0.7482263927083334 0.13342435925925927 0.67675978125 0.12365278518518519 0.6792970583333333 0.13267269444444443 0.7461120083333334 0.149585025
6 0.6175566250000001 0.1834096861111111 0.6788741666666667 0.20032201666666666 0.6907148052083334 0.1913021074074074 0.6962122135416667 0.16461821944444444 0.7025554052083333 0.14357175833333333 0.677605528125 0.13718264907407407 0.6691479499999999 0.14808171296296296 0.6708394427083333 0.16273906574074076 0.6226311791666667 0.1601082648148148 0.6179795166666667 0.17175897592592593 0.6175566250000001 0.1834096861111111