15 0.29709446979166665 0.36032755 0.29442163958333334 0.29381498796296296 0.2810574895833333 0.21304973425925927 0.19285409895833333 0.23205332314814817 0.1206876875 0.32469582037037037 0.1073235375 0.43396645833333336 0.12514245937500001 0.5052299175925926 0.21601868020833334 0.48385088055555553 0.29709446979166665 0.36032755
15 0.3870798020833333 0.25580781018518517 0.36391522083333333 0.19404614537037038 0.34609638125 0.180585275 0.2801666010416667 0.2178006314814815 0.32204091041666666 0.3286549138888889 0.3870798020833333 0.25580781018518517
10 0.39824494583333336 0.23302325277777777 0.42514253854166667 0.21732183888888887 0.42650670520833334 0.19000894814814814 0.41046972499999995 0.15833631203703705 0.37335463750000003 0.17485665185185184 0.37415754999999995 0.20982798240740738 0.39824494583333336 0.23302325277777777
5 0.5036458333333333 0.1398148148148148 0.0125 0.024074074074074074
12 0.5536086499999999 0.14630862685185186 0.5564188458333333 0.13203461481481482 0.5190833822916666 0.13310516574074074 0.5166746427083333 0.14274012407407408 0.5536086499999999 0.14630862685185186
12 0.44114583333333335 0.1412037037037037 0.01875 0.019444444444444445
12 0.4817643041666667 0.1540600962962963 0.49087839375000003 0.1430672037037037 0.48827435937499997 0.12571003333333333 0.47199925 0.12918146759259258 0.46483823020833337 0.15174578888888887 0.4817643041666667 0.1540600962962963
12 0.600980528125 0.13881477037037038 0.6053965510416667 0.1270387101851852 0.567050303125 0.1275335833333333 0.5688640010416666 0.13881477037037038 0.600980528125 0.13881477037037038
13 0.7390815989583334 0.15415933425925926 0.743457084375 0.13465992870370372 0.6744470864583333 0.1263250101851852 0.6696296072916667 0.14630862685185186 0.7390815989583334 0.15415933425925926
15 0.7932782395833333 0.1687901962962963 0.8025117416666667 0.1345325666666667 0.7425661958333334 0.1267417787037037 0.7430961645833333 0.16557854351851853 0.7932782395833333 0.1687901962962963
13 0.6680403541666667 0.15521342314814815 0.6689313250000001 0.14412800185185184 0.621975984375 0.13385314907407406 0.6142285958333333 0.1473791777777778 0.6680403541666667 0.15521342314814815
13 0.8025117416666667 0.15558673518518518 0.79511115 0.17302724074074075 0.8619526583333333 0.19325434074074074 0.8637344364583334 0.17108348055555556 0.8025117416666667 0.15558673518518518
10 0.9402113541666667 0.21589443796296295 0.9973759375 0.22413517314814815 0.9911393885416667 0.17108348055555556 0.9329851354166667 0.15380248333333335 0.88778990625 0.15762261111111112 0.9382040718750001 0.17557035277777777 0.9402113541666667 0.21589443796296295