15 0.28917479166666665 0.21717773703703702 0.21725763125 0.21347249907407406 0.12136811458333334 0.28757755185185185 0.08593064166666667 0.4246718583333333 0.15889011145833332 0.5367557148148149 0.2318494875 0.4654296435185185 0.3086283177083333 0.3382863277777778 0.28917479166666665 0.21717773703703702
15 0.3850643083333333 0.2616407601851852 0.36213426249999997 0.19494622592592592 0.3162739802083333 0.19401992685185185 0.2943861489583333 0.2236619564814815 0.3204431229166667 0.32185111759259255 0.3850643083333333 0.2616407601851852
15 0.438654746875 0.21457981203703702 0.43657022395833334 0.17474836851851852 0.4105132489583333 0.1525168564814815 0.36048391979166666 0.1701167888888889 0.39070994166666667 0.2516323166666667 0.438654746875 0.21457981203703702
5 0.46510416666666665 0.13842592592592592 0.008333333333333333 0.017592592592592594
12 0.4817708333333333 0.13703703703703704 0.0125 0.025
12 0.5134567718749999 0.1444804722222222 0.5019917489583333 0.1194700212962963 0.498043196875 0.12050657407407407 0.49990722604166665 0.14355417314814817 0.5134567718749999 0.1444804722222222
12 0.5523792249999999 0.14411425555555554 0.5530137791666667 0.13226924814814814 0.5152578177083333 0.13029508055555555 0.5136714333333333 0.1415760398148148 0.5523792249999999 0.14411425555555554
12 0.601874434375 0.14185806388888889 0.6040953729166667 0.13001305648148148 0.5657048583333334 0.1269107925925926 0.56538758125 0.13001305648148148 0.5650703041666667 0.13593556018518518 0.601874434375 0.14185806388888889
13 0.733592846875 0.16067265925925928 0.7481847020833333 0.13288327037037037 0.676434525 0.1269107925925926 0.6716753697916666 0.1477805675925926 0.733592846875 0.16067265925925928
13 0.7936372291666667 0.17364105555555556 0.8051022520833333 0.1347359101851852 0.7550729229166666 0.1347359101851852 0.7404810666666666 0.169935775 0.7936372291666667 0.17364105555555556
13 0.8551316770833334 0.18660940925925926 0.8634697708333333 0.15974636111111112 0.800489825 0.16018962314814816 0.7957217531249999 0.17734629351851852 0.8551316770833334 0.18660940925925926
13 0.9267660635416667 0.20559548425925928 0.9333025041666667 0.1801252324074074 0.8633106666666667 0.17062451018518518 0.859186065625 0.18698190092592593 0.9267660635416667 0.20559548425925928
10 0.9895855 0.2412618888888889 0.9875008802083334 0.15974636111111112 0.9082878395833334 0.15604108055555557 0.9395561697916667 0.2236619564814815 0.9895855 0.2412618888888889
12 0.44114583333333335 0.1388888888888889 0.029166666666666667 0.018518518518518517
14 0.6359375 0.14351851851851852 0.05625 0.017592592592592594