12 0.5190395375 0.140075275 0.5187719916666667 0.12889779166666668 0.4920173760416667 0.1293734287037037 0.4914822833333333 0.1393618185185185 0.5190395375 0.140075275
12 0.5728163145833334 0.13698363055555554 0.5706759447916667 0.1265196027777778 0.5487371604166668 0.12628178425925926 0.54820206875 0.13674581203703703 0.5728163145833334 0.13698363055555554
13 0.7367289666666667 0.15582603703703704 0.7457478364583333 0.13277781296296295 0.683936953125 0.12570749907407405 0.6797973479166667 0.14229773148148148 0.7367289666666667 0.15582603703703704
13 0.9345804333333334 0.20793506481481483 0.9351441125 0.18588893796296296 0.8725757000000001 0.17135853518518518 0.8511558833333334 0.18588893796296296 0.9345804333333334 0.20793506481481483
10 0.9416226989583334 0.17261453148148148 0.9416226989583334 0.21094434444444446 1 0.22648742962962964 0.9985209760416667 0.17555564537037038 0.9243156145833333 0.15305850462962964 0.8785545114583333 0.15357999814814816 0.9416226989583334 0.17261453148148148
6 0.3645833333333333 0.275 0.36875 0.2777777777777778 0.4197916666666667 0.2675925925925926 0.4239583333333333 0.2537037037037037 0.4166666666666667 0.20092592592592592 0.3885416666666667 0.20092592592592592 0.37395833333333334 0.20555555555555555 0.36770833333333336 0.21203703703703702 0.3625 0.23425925925925925 0.3645833333333333 0.275
6 0.23645833333333333 0.32592592592592595 0.25104166666666666 0.31851851851851853 0.28958333333333336 0.3101851851851852 0.2947916666666667 0.2953703703703704 0.29583333333333334 0.2722222222222222 0.28854166666666664 0.22777777777777777 0.28229166666666666 0.22407407407407406 0.23958333333333334 0.23796296296296296 0.23020833333333332 0.2462962962962963 0.22916666666666666 0.25462962962962965 0.23125 0.30648148148148147 0.23645833333333333 0.32592592592592595
6 0.28541666666666665 0.2175925925925926 0.296875 0.2759259259259259 0.30520833333333336 0.2777777777777778 0.31666666666666665 0.2898148148148148 0.3229166666666667 0.3175925925925926 0.32916666666666666 0.31851851851851853 0.33125 0.24259259259259258 0.3260416666666667 0.19444444444444445 0.30520833333333336 0.19166666666666668 0.2947916666666667 0.2 0.28229166666666666 0.20185185185185187 0.28020833333333334 0.20925925925925926 0.28541666666666665 0.2175925925925926
7 0.5447916666666667 0.7453703703703703 0.546875 0.7953703703703704 0.5489583333333333 0.8009259259259259 0.553125 0.8009259259259259 0.5625 0.7833333333333333 0.5666666666666667 0.7231481481481481 0.565625 0.674074074074074 0.5572916666666666 0.6592592592592592 0.55625 0.6342592592592593 0.5510416666666667 0.6351851851851852 0.546875 0.6564814814814814 0.5364583333333334 0.6722222222222223 0.534375 0.6990740740740741 0.5447916666666667 0.7453703703703703
7 0.621875 0.6990740740740741 0.6270833333333333 0.7203703703703703 0.6375 0.7203703703703703 0.6520833333333333 0.6537037037037037 0.653125 0.6268518518518519 0.6520833333333333 0.5990740740740741 0.6427083333333333 0.5842592592592593 0.6385416666666667 0.5638888888888889 0.6302083333333334 0.5712962962962963 0.6322916666666667 0.5907407407407408 0.6197916666666666 0.6148148148148148 0.6177083333333333 0.6398148148148148 0.621875 0.6990740740740741
7 0.6625 0.7203703703703703 0.6677083333333333 0.7064814814814815 0.6708333333333333 0.6703703703703704 0.6802083333333333 0.6546296296296297 0.68125 0.6398148148148148 0.6791666666666667 0.6083333333333333 0.675 0.5953703703703703 0.6677083333333333 0.5879629629629629 0.6666666666666666 0.5722222222222222 0.6614583333333334 0.5703703703703704 0.6552083333333333 0.5796296296296296 0.65 0.7083333333333334 0.6625 0.7203703703703703
7 0.7864583333333334 0.5259259259259259 0.8020833333333334 0.475 0.8020833333333334 0.46111111111111114 0.790625 0.43148148148148147 0.7822916666666667 0.45 0.78125 0.5212962962962963 0.7864583333333334 0.5259259259259259