6 0.3138020833333333 0.34953703703703703 0.2916666666666667 0.2326388888888889 0.2421875 0.2361111111111111 0.22395833333333334 0.25 0.22526041666666666 0.3472222222222222 0.061197916666666664 0.4965277777777778 0.08984375 0.5625 0.15234375 0.5543981481481481 0.3138020833333333 0.34953703703703703
15 0.3671875 0.3738425925925926 0.4075520833333333 0.34375 0.4075520833333333 0.3159722222222222 0.34765625 0.32175925925925924 0.2421875 0.4849537037037037 0.26171875 0.5405092592592593 0.3346354166666667 0.5300925925925926 0.3671875 0.3738425925925926
15 0.41796875 0.3243051824074074 0.4453125 0.26411999722222224 0.4466145833333333 0.24097184907407407 0.4049479166666667 0.23981444166666666 0.34765625 0.3115737009259259 0.4088541666666667 0.30231444166666666 0.41796875 0.3243051824074074
15 0.46301972083333337 0.17735177037037037 0.46473312604166667 0.1529882175925926 0.44845624999999995 0.14689731203703704 0.4133325489583333 0.16593134444444443 0.41504587499999995 0.22684029537037037 0.456777384375 0.22891242222222222 0.46301972083333337 0.17735177037037037
12 0.5088541666666667 0.1361111111111111 0.041666666666666664 0.021296296296296296
5 0.4765625 0.13518518518518519 0.015625 0.021296296296296296
5 0.5609375 0.12916666666666668 0.036458333333333336 0.02962962962962963
13 0.7098958333333333 0.1449074074074074 0.07083333333333333 0.03518518518518519
13 0.7739583333333333 0.15416666666666667 0.04375 0.03148148148148148
7 0.7401041666666667 0.27824074074074073 0.020833333333333332 0.024074074074074074
11 0.9804820614583334 0.29601164166666666 0.9842879770833334 0.23512725185185185 0.9855566156250001 0.19716845925925927 0.8980205572916666 0.17311537314814815 0.8726477875 0.1599613324074074 0.8405089708333333 0.15244473518518517 0.8303598625 0.1618404861111111 0.8257081614583334 0.20618836944444444 0.823170884375 0.23475141018518517 0.9804820614583334 0.29601164166666666
0 0.8255208333333334 0.13657407407407407 0.04791666666666667 0.019444444444444445
10 0.9889255958333333 0.19113029537037035 0.9910399802083333 0.2200691611111111 0.9990747041666667 0.2200691611111111 0.9952687885416667 0.16707719166666665 0.9216877541666667 0.14490325833333334 0.9144987760416666 0.15467481574074074 0.9030810302083334 0.15241983888888888 0.8903946447916666 0.15279567962962962 0.8874345135416667 0.15880894722222222 0.9038163489583333 0.1648900212962963 0.9889255958333333 0.19113029537037035
0 0.7958554916666666 0.13607398518518518 0.796278384375 0.12404745 0.7616762604166667 0.11807404074074074 0.7607565052083333 0.1338190074074074 0.7958554916666666 0.13607398518518518