7 0.6346710395833333 0.48341590277777774 0.657835509375 0.4200072851851852 0.6289178489583332 0.3884841111111111 0.6179925802083334 0.46941661759259257 0.6346710395833333 0.48341590277777774
15 0.35206375416666663 0.4397710185185185 0.4002459989583333 0.3631865537037037 0.41229158125 0.2791906898148148 0.39653964583333334 0.2059001675925926 0.34094478125 0.2133115675925926 0.30573472916666666 0.2404867 0.224195565625 0.3030718416666667 0.18249941770833333 0.4463589037037037 0.21492981145833331 0.5114145490740741 0.31685370208333336 0.5542359953703704 0.35206375416666663 0.4397710185185185
15 0.4298965645833333 0.292366499074074 0.46603322708333333 0.24295716666666664 0.48178516145833333 0.1861364351851852 0.4734459322916667 0.1507264074074074 0.424337078125 0.15978477870370372 0.427116821875 0.16884316944444447 0.4002459989583333 0.21907597685185184 0.4298965645833333 0.292366499074074
11 0.8709492135416668 0.3302469740740741 0.8876276729166667 0.2404867 0.9228378104166667 0.2240169101851852 0.9182048489583334 0.17790154074074074 0.675440578125 0.13178617037037035 0.6569089854166666 0.14743244629629632 0.6467165364583334 0.2042531777777778 0.8709492135416668 0.3302469740740741
8 0.5438660375000001 0.1713136361111111 0.5281141875 0.13837407499999999 0.4993901458333333 0.14496197962962964 0.508655984375 0.1713136361111111 0.5438660375000001 0.1713136361111111
8 0.5707369447916667 0.17213711203703705 0.575369821875 0.13837407499999999 0.5373800260416667 0.13919757037037037 0.5383065510416666 0.17049014074074076 0.5707369447916667 0.17213711203703705
8 0.6105798750000001 0.18695991111111113 0.6133596177083334 0.14660896944444443 0.5802543427083333 0.14006850092592593 0.5679572020833333 0.17460757870370372 0.6105798750000001 0.18695991111111113
8 0.6215399812500001 0.1762361962962963 0.6457900124999999 0.1820189787037037 0.6513494989583334 0.14660896944444443 0.6205755333333334 0.1437761972222222 0.6243064802083332 0.15943228055555556 0.6215399812500001 0.1762361962962963
13 0.8968934281250001 0.3565986305555556 0.980285725 0.38706770555555553 0.9932579166666666 0.27342624259259257 0.9182048489583334 0.23554576666666668 0.8811416624999999 0.26683835648148146 0.8968934281250001 0.3565986305555556
10 0.9636072656250001 0.2042531777777778 0.996037659375 0.20837063425925928 0.9858452114583333 0.16307874074074075 0.8875296218750001 0.14254029814814814 0.9154251052083333 0.17378410185185184 0.9636072656250001 0.2042531777777778
12 0.6064671052083334 0.1369681787037037 0.603712778125 0.12632344814814817 0.5887962447916667 0.12608237314814813 0.5757781791666667 0.1268055990740741 0.5763205989583333 0.13644861018518517 0.6064671052083334 0.1369681787037037
6 0.23958333333333334 0.3738425925925926 0.23177083333333334 0.33217592592592593 0.22916666666666666 0.25925925925925924 0.19140625 0.24074074074074073 0.11458333333333333 0.28125 0.11067708333333333 0.46412037037037035 0.19010416666666666 0.47337962962962965 0.23958333333333334 0.3738425925925926
6 0.27734375 0.25578703703703703 0.3216145833333333 0.2916666666666667 0.3346354166666667 0.23958333333333334 0.3307291666666667 0.1840277777777778 0.2825520833333333 0.19791666666666666 0.27734375 0.25578703703703703